40,35
3,1
3,3
10,140
10,114
10,260
10,262
10,124
10,298
10,28
10,226
10,2
10,3
11,20
11,18
11,6
9,7
9,6
9,1
9,4
8,18
8,8
8,6
8,13
39,4
39,3
39,2
39,1
39,0
26,3
26,2
26,1
26,0
20,3
20,2
20,1
19,3
19,2
19,1
12,3
12,2
12,1
11,30
11,29
11,28
11,27
11,26
11,25
11,24
11,23
11,22
11,21
11,19
11,16
11,15
11,14
11,13
11,11
11,9
11,8
11,7
11,5
11,4
11,3
11,2
11,1
10,293
10,279
10,255
10,238
10,231
10,229
10,220
10,219
10,213
10,207
10,201
10,191
10,175
10,173
18,1
10,169
18,3
10,155
10,153
10,127
10,113
10,110
10,106
14,1
10,104
